Vetores com valores crescentes:

n = 20

14 15 78 113 131 197 214 225 233 283 284 316 355 478 603 608 615 660 882 996

n = 40

7 12 49 66 84 116 145 162 186 246 303 308 320 321 345 383 400 418 477 511 533 561 565 582 595 648 649 696 738 739 744 761 764 768 770 806 930 939 941 983

n = 80

7 26 38 53 64 66 84 119 122 145 147 149 157 161 189 205 220 222 247 264 276 285 288 297 311 313 343 349 360 364 373 374 388 405 408 438 443 451 455 470 479 503 512 536 564 566 575 576 592 603 630 680 683 696 697 705 707 710 711 715 722 737 740 743 748 774 779 801 809 823 877 888 899 918 920 961 977 981 983 993

n = 120

3 7 13 14 16 28 34 36 52 64 71 74 75 81 86 92 98 104 110 119 123 125 133 136 137 154 165 180 184 186 191 201 213 222 227 233 244 300 306 313 314 327 328 332 334 338 341 352 365 378 383 386 390 392 410 417 422 424 443 454 462 470 491 497 501 519 543 547 552 570 574 579 582 596 604 619 631 632 634 651 656 658 673 683 696 701 703 709 718 729 744 745 752 755 762 768 773 781 785 795 803 814 817 836 848 854 871 872 877 890 891 919 948 953 961 962 965 986 990 998

n = 160

7 8 11 16 25 26 46 50 58 69 77 89 90 94 98 102 104 113 117 133 134 138 140 147 150 165 174 179 184 192 197 199 200 204 206 211 212 234 245 246 247 263 266 272 275 279 280 288 296 308 309 311 316 318 322 329 337 338 356 358 366 367 368 373 378 392 410 416 423 425 427 428 433 443 451 452 453 459 472 480 491 493 494 500 508 524 527 528 536 537 539 542 547 559 565 581 582 589 601 605 612 615 624 628 645 650 656 657 658 659 663 664 668 671 689 692 696 708 710 714 717 721 724 725 727 731 732 738 741 749 760 761 770 781 783 789 793 794 795 796 805 809 824 839 845 865 866 869 875 885 888 904 908 913 919 923 953 968 975 1000

n = 200

6 7 23 24 28 43 44 47 50 59 64 67 68 72 79 80 82 92 97 99 101 102 104 105 106 107 108 110 113 124 125 130 131 133 135 146 153 156 160 166 167 174 183 184 186 188 190 195 201 214 215 228 229 238 241 245 246 251 254 257 258 259 266 287 303 304 306 311 313 315 318 320 327 331 333 335 340 347 353 355 365 369 372 375 376 378 386 388 389 390 393 397 400 414 430 434 440 441 442 450 453 457 461 471 477 478 480 482 492 493 497 499 501 508 510 521 538 542 549 553 554 556 565 566 574 577 581 586 589 596 598 607 611 612 617 635 649 654 659 662 667 673 678 680 682 685 694 699 704 712 721 726 736 745 751 755 756 757 767 772 776 777 784 785 786 789 799 801 809 816 833 836 837 841 843 844 847 863 872 884 885 888 894 898 904 917 929 931 938 953 956 960 962 967 969 974 977 978 984 985


Vetores com valores aleatorios:

n = 20

131 478 113 608 660 225 14 615 78 214 882 355 197 233 996 316 603 283 15 284

n = 40

648 739 308 561 321 744 939 764 649 533 595 511 400 565 738 303 320 770 66 84 761 582 477 145 186 12 418 162 49 116 7 806 768 930 345 383 696 246 941 983

n = 80

145 343 247 774 7 696 576 349 503 630 715 707 748 575 276 288 470 443 888 983 993 740 84 122 961 711 877 360 374 388 26 285 222 920 479 38 981 603 311 147 779 157 697 705 364 220 451 683 408 66 566 977 53 737 119 592 710 161 373 564 313 918 801 149 823 438 743 899 722 512 264 189 536 64 809 680 205 455 297 405

n = 120

227 165 86 424 696 871 386 34 683 854 795 201 352 729 986 222 306 454 634 422 570 98 365 781 119 14 658 582 244 213 501 891 136 64 191 814 631 877 890 233 547 52 579 184 7 332 104 16 651 378 701 768 773 13 180 110 137 990 81 71 327 919 392 656 497 334 596 762 817 552 123 752 300 390 314 703 133 718 836 417 632 28 519 338 848 755 619 961 125 341 443 186 383 803 673 604 36 574 313 965 948 328 74 872 462 154 709 745 75 3 962 543 785 470 410 953 92 744 491 998

n = 160

809 770 245 197 493 710 272 212 113 885 425 628 528 204 366 732 696 480 427 280 908 539 234 645 410 494 102 89 459 133 134 246 90 472 869 308 738 211 373 174 796 714 46 433 839 7 761 875 279 658 117 582 650 8 789 263 367 968 322 865 77 428 781 200 199 760 98 913 824 26 508 794 16 721 11 975 671 845 749 659 524 724 547 356 605 692 69 601 581 453 288 500 94 184 793 657 50 537 668 527 536 416 923 165 904 358 664 888 708 58 423 140 318 589 309 392 337 795 1000 25 542 338 179 919 192 296 150 104 953 451 741 565 615 443 147 452 316 368 612 138 378 491 731 725 663 329 727 624 559 866 717 311 689 266 247 805 656 783 275 206

n = 200

726 186 785 885 50 246 699 844 969 898 315 596 92 956 607 254 453 166 160 327 130 457 188 124 521 837 984 667 376 581 863 390 929 843 320 238 654 257 333 776 816 777 847 259 974 167 214 201 393 251 712 721 685 492 680 499 978 931 872 542 553 985 133 108 611 836 183 228 501 659 510 662 938 125 266 786 441 440 153 102 378 450 389 888 577 801 331 64 461 67 549 736 477 967 113 757 414 612 772 960 184 493 704 694 538 347 23 953 767 841 190 311 589 482 556 471 365 59 442 47 400 894 434 386 388 43 287 110 245 617 107 809 884 598 101 833 44 105 104 79 131 174 146 586 565 241 369 195 480 318 372 789 135 673 229 430 353 335 68 977 497 156 6 24 306 7 215 635 82 574 80 678 554 917 745 682 106 478 799 303 397 751 313 28 756 304 355 904 566 508 784 755 97 340 72 375 649 258 99 962


Vetores com valores decrescentes:

n = 20

996 882 660 615 608 603 478 355 316 284 283 233 225 214 197 131 113 78 15 14

n = 40

983 941 939 930 806 770 768 764 761 744 739 738 696 649 648 595 582 565 561 533 511 477 418 400 383 345 321 320 308 303 246 186 162 145 116 84 66 49 12 7 

n = 80

993 983 981 977 961 920 918 899 888 877 823 809 801 779 774 748 743 740 737 722 715 711 710 707 705 697 696 683 680 630 603 592 576 575 566 564 536 512 503 479 470 455 451 443 438 408 405 388 374 373 364 360 349 343 313 311 297 288 285 276 264 247 222 220 205 189 161 157 149 147 145 122 119 84 66 64 53 38 26 7 

n = 120

998 990 986 965 962 961 953 948 919 891 890 877 872 871 854 848 836 817 814 803 795 785 781 773 768 762 755 752 745 744 729 718 709 703 701 696 683 673 658 656 651 634 632 631 619 604 596 582 579 574 570 552 547 543 519 501 497 491 470 462 454 443 424 422 417 410 392 390 386 383 378 365 352 341 338 334 332 328 327 314 313 306 300 244 233 227 222 213 201 191 186 184 180 165 154 137 136 133 125 123 119 110 104 98 92 86 81 75 74 71 64 52 36 34 28 16 14 13 7 3

n = 160

1000 975 968 953 923 919 913 908 904 888 885 875 869 866 865 845 839 824 809 805 796 795 794 793 789 783 781 770 761 760 749 741 738 732 731 727 725 724 721 717 714 710 708 696 692 689 671 668 664 663 659 658 657 656 650 645 628 624 615 612 605 601 589 582 581 565 559 547 542 539 537 536 528 527 524 508 500 494 493 491 480 472 459 453 452 451 443 433 428 427 425 423 416 410 392 378 373 368 367 366 358 356 338 337 329 322 318 316 311 309 308 296 288 280 279 275 272 266 263 247 246 245 234 212 211 206 204 200 199 197 192 184 179 174 165 150 147 140 138 134 133 117 113 104 102 98 94 90 89 77 69 58 50 46 26 25 16 11 8 7

n = 200

985 984 978 977 974 969 967 962 960 956 953 938 931 929 917 904 898 894 888 885 884 872 863 847 844 843 841 837 836 833 816 809 801 799 789 786 785 784 777 776 772 767 757 756 755 751 745 736 726 721 712 704 699 694 685 682 680 678 673 667 662 659 654 649 635 617 612 611 607 598 596 589 586 581 577 574 566 565 556 554 553 549 542 538 521 510 508 501 499 497 493 492 482 480 478 477 471 461 457 453 450 442 441 440 434 430 414 400 397 393 390 389 388 386 378 376 375 372 369 365 355 353 347 340 335 333 331 327 320 318 315 313 311 306 304 303 287 266 259 258 257 254 251 246 245 241 238 229 228 215 214 201 195 190 188 186 184 183 174 167 166 160 156 153 146 135 133 131 130 125 124 113 110 108 107 106 105 104 102 101 99 97 92 82 80 79 72 68 67 64 59 50 47 44 43 28 24 23 7 6
